Time difference of 10.13406 secs
[1] "==============="
glmnet 

800 samples
 40 predictor
  2 classes: '0', '1' 

No pre-processing
Resampling: Cross-Validated (10 fold, repeated 2 times) 

Summary of sample sizes: 721, 720, 721, 720, 719, 720, ... 

Resampling results across tuning parameters:

  alpha  lambda  Accuracy  Kappa    Accuracy SD  Kappa SD
  0.100  0.100   0.832     0.66356  0.04244      0.08486 
  0.100  0.183   0.827     0.65341  0.04748      0.09513 
  0.100  0.266   0.824     0.64722  0.04580      0.09173 
  0.100  0.349   0.824     0.64844  0.04383      0.08779 
  0.100  0.431   0.819     0.63839  0.04343      0.08697 
  0.100  0.514   0.818     0.63589  0.04495      0.08999 
  0.100  0.597   0.815     0.62955  0.04469      0.08951 
  0.100  0.680   0.814     0.62820  0.04217      0.08447 
  0.100  0.763   0.808     0.61553  0.04517      0.09065 
  0.100  0.846   0.806     0.61162  0.04791      0.09619 
  0.100  0.929   0.801     0.60024  0.04625      0.09285 
  0.100  1.011   0.796     0.59015  0.04988      0.10013 
  0.100  1.094   0.792     0.58248  0.04892      0.09825 
  0.100  1.177   0.786     0.57101  0.04521      0.09081 
  0.100  1.260   0.779     0.55676  0.04644      0.09321 
  0.100  1.343   0.768     0.53379  0.04317      0.08662 
  0.100  1.426   0.747     0.49176  0.04329      0.08691 
  0.100  1.509   0.734     0.46355  0.03993      0.07994 
  0.100  1.591   0.717     0.42907  0.03326      0.06632 
  0.100  1.674   0.703     0.40024  0.03025      0.06048 
  0.100  1.757   0.677     0.34620  0.02420      0.04864 
  0.100  1.840   0.657     0.30445  0.02925      0.05914 
  0.100  1.923   0.616     0.22024  0.02976      0.06241 
  0.100  2.006   0.561     0.10659  0.02670      0.05545 
  0.100  2.089   0.535     0.05200  0.01852      0.03775 
  0.100  2.171   0.514     0.00780  0.00977      0.02080 
  0.100  2.254   0.510     0.00000  0.00374      0.00000 
  0.100  2.337   0.510     0.00000  0.00374      0.00000 
  0.100  2.420   0.510     0.00000  0.00374      0.00000 
  0.100  2.503   0.510     0.00000  0.00374      0.00000 
  0.100  2.586   0.510     0.00000  0.00374      0.00000 
  0.100  2.669   0.510     0.00000  0.00374      0.00000 
  0.100  2.751   0.510     0.00000  0.00374      0.00000 
  0.100  2.834   0.510     0.00000  0.00374      0.00000 
  0.100  2.917   0.510     0.00000  0.00374      0.00000 
  0.100  3.000   0.510     0.00000  0.00374      0.00000 
  0.182  0.100   0.831     0.66230  0.04046      0.08094 
  0.182  0.183   0.826     0.65095  0.04862      0.09726 
  0.182  0.266   0.821     0.64097  0.04348      0.08700 
  0.182  0.349   0.816     0.63092  0.04166      0.08338 
  0.182  0.431   0.814     0.62819  0.04317      0.08651 
  0.182  0.514   0.806     0.61176  0.04574      0.09181 
  0.182  0.597   0.795     0.58904  0.04769      0.09579 
  0.182  0.680   0.777     0.55386  0.05011      0.10048 
  0.182  0.763   0.763     0.52461  0.05327      0.10682 
  0.182  0.846   0.756     0.50906  0.05005      0.10051 
  0.182  0.929   0.750     0.49704  0.04703      0.09449 
  0.182  1.011   0.718     0.43159  0.03206      0.06377 
  0.182  1.094   0.671     0.33320  0.02253      0.04533 
  0.182  1.177   0.569     0.12212  0.02976      0.06276 
  0.182  1.260   0.511     0.00260  0.00440      0.00799 
  0.182  1.343   0.510     0.00000  0.00374      0.00000 
  0.182  1.426   0.510     0.00000  0.00374      0.00000 
  0.182  1.509   0.510     0.00000  0.00374      0.00000 
  0.182  1.591   0.510     0.00000  0.00374      0.00000 
  0.182  1.674   0.510     0.00000  0.00374      0.00000 
  0.182  1.757   0.510     0.00000  0.00374      0.00000 
  0.182  1.840   0.510     0.00000  0.00374      0.00000 
  0.182  1.923   0.510     0.00000  0.00374      0.00000 
  0.182  2.006   0.510     0.00000  0.00374      0.00000 
  0.182  2.089   0.510     0.00000  0.00374      0.00000 
  0.182  2.171   0.510     0.00000  0.00374      0.00000 
  0.182  2.254   0.510     0.00000  0.00374      0.00000 
  0.182  2.337   0.510     0.00000  0.00374      0.00000 
  0.182  2.420   0.510     0.00000  0.00374      0.00000 
  0.182  2.503   0.510     0.00000  0.00374      0.00000 
  0.182  2.586   0.510     0.00000  0.00374      0.00000 
  0.182  2.669   0.510     0.00000  0.00374      0.00000 
  0.182  2.751   0.510     0.00000  0.00374      0.00000 
  0.182  2.834   0.510     0.00000  0.00374      0.00000 
  0.182  2.917   0.510     0.00000  0.00374      0.00000 
  0.182  3.000   0.510     0.00000  0.00374      0.00000 
  0.264  0.100   0.831     0.66107  0.04582      0.09160 
  0.264  0.183   0.823     0.64601  0.04527      0.09053 
  0.264  0.266   0.816     0.63084  0.04257      0.08516 
  0.264  0.349   0.807     0.61320  0.04561      0.09144 
  0.264  0.431   0.786     0.57179  0.05353      0.10731 
  0.264  0.514   0.773     0.54502  0.05417      0.10873 
  0.264  0.597   0.761     0.51950  0.05570      0.11180 
  0.264  0.680   0.751     0.49855  0.05174      0.10397 
  0.264  0.763   0.700     0.39428  0.03280      0.06558 
  0.264  0.846   0.548     0.07798  0.02204      0.04624 
  0.264  0.929   0.510     0.00000  0.00374      0.00000 
  0.264  1.011   0.510     0.00000  0.00374      0.00000 
  0.264  1.094   0.510     0.00000  0.00374      0.00000 
  0.264  1.177   0.510     0.00000  0.00374      0.00000 
  0.264  1.260   0.510     0.00000  0.00374      0.00000 
  0.264  1.343   0.510     0.00000  0.00374      0.00000 
  0.264  1.426   0.510     0.00000  0.00374      0.00000 
  0.264  1.509   0.510     0.00000  0.00374      0.00000 
  0.264  1.591   0.510     0.00000  0.00374      0.00000 
  0.264  1.674   0.510     0.00000  0.00374      0.00000 
  0.264  1.757   0.510     0.00000  0.00374      0.00000 
  0.264  1.840   0.510     0.00000  0.00374      0.00000 
  0.264  1.923   0.510     0.00000  0.00374      0.00000 
  0.264  2.006   0.510     0.00000  0.00374      0.00000 
  0.264  2.089   0.510     0.00000  0.00374      0.00000 
  0.264  2.171   0.510     0.00000  0.00374      0.00000 
  0.264  2.254   0.510     0.00000  0.00374      0.00000 
  0.264  2.337   0.510     0.00000  0.00374      0.00000 
  0.264  2.420   0.510     0.00000  0.00374      0.00000 
  0.264  2.503   0.510     0.00000  0.00374      0.00000 
  0.264  2.586   0.510     0.00000  0.00374      0.00000 
  0.264  2.669   0.510     0.00000  0.00374      0.00000 
  0.264  2.751   0.510     0.00000  0.00374      0.00000 
  0.264  2.834   0.510     0.00000  0.00374      0.00000 
  0.264  2.917   0.510     0.00000  0.00374      0.00000 
  0.264  3.000   0.510     0.00000  0.00374      0.00000 
  0.345  0.100   0.828     0.65601  0.04351      0.08709 
  0.345  0.183   0.817     0.63465  0.04267      0.08542 
  0.345  0.266   0.804     0.60826  0.04817      0.09652 
  0.345  0.349   0.781     0.56066  0.05003      0.10027 
  0.345  0.431   0.769     0.53753  0.05331      0.10693 
  0.345  0.514   0.754     0.50658  0.05172      0.10390 
  0.345  0.597   0.702     0.39940  0.03496      0.07017 
  0.345  0.680   0.511     0.00259  0.00602      0.01160 
  0.345  0.763   0.510     0.00000  0.00374      0.00000 
  0.345  0.846   0.510     0.00000  0.00374      0.00000 
  0.345  0.929   0.510     0.00000  0.00374      0.00000 
  0.345  1.011   0.510     0.00000  0.00374      0.00000 
  0.345  1.094   0.510     0.00000  0.00374      0.00000 
  0.345  1.177   0.510     0.00000  0.00374      0.00000 
  0.345  1.260   0.510     0.00000  0.00374      0.00000 
  0.345  1.343   0.510     0.00000  0.00374      0.00000 
  0.345  1.426   0.510     0.00000  0.00374      0.00000 
  0.345  1.509   0.510     0.00000  0.00374      0.00000 
  0.345  1.591   0.510     0.00000  0.00374      0.00000 
  0.345  1.674   0.510     0.00000  0.00374      0.00000 
  0.345  1.757   0.510     0.00000  0.00374      0.00000 
  0.345  1.840   0.510     0.00000  0.00374      0.00000 
  0.345  1.923   0.510     0.00000  0.00374      0.00000 
  0.345  2.006   0.510     0.00000  0.00374      0.00000 
  0.345  2.089   0.510     0.00000  0.00374      0.00000 
  0.345  2.171   0.510     0.00000  0.00374      0.00000 
  0.345  2.254   0.510     0.00000  0.00374      0.00000 
  0.345  2.337   0.510     0.00000  0.00374      0.00000 
  0.345  2.420   0.510     0.00000  0.00374      0.00000 
  0.345  2.503   0.510     0.00000  0.00374      0.00000 
  0.345  2.586   0.510     0.00000  0.00374      0.00000 
  0.345  2.669   0.510     0.00000  0.00374      0.00000 
  0.345  2.751   0.510     0.00000  0.00374      0.00000 
  0.345  2.834   0.510     0.00000  0.00374      0.00000 
  0.345  2.917   0.510     0.00000  0.00374      0.00000 
  0.345  3.000   0.510     0.00000  0.00374      0.00000 
  0.427  0.100   0.824     0.64728  0.04168      0.08338 
  0.427  0.183   0.811     0.62221  0.04676      0.09364 
  0.427  0.266   0.782     0.56327  0.04992      0.10009 
  0.427  0.349   0.772     0.54399  0.05239      0.10508 
  0.427  0.431   0.754     0.50658  0.05319      0.10681 
  0.427  0.514   0.655     0.30106  0.02914      0.05883 
  0.427  0.597   0.510     0.00000  0.00374      0.00000 
  0.427  0.680   0.510     0.00000  0.00374      0.00000 
  0.427  0.763   0.510     0.00000  0.00374      0.00000 
  0.427  0.846   0.510     0.00000  0.00374      0.00000 
  0.427  0.929   0.510     0.00000  0.00374      0.00000 
  0.427  1.011   0.510     0.00000  0.00374      0.00000 
  0.427  1.094   0.510     0.00000  0.00374      0.00000 
  0.427  1.177   0.510     0.00000  0.00374      0.00000 
  0.427  1.260   0.510     0.00000  0.00374      0.00000 
  0.427  1.343   0.510     0.00000  0.00374      0.00000 
  0.427  1.426   0.510     0.00000  0.00374      0.00000 
  0.427  1.509   0.510     0.00000  0.00374      0.00000 
  0.427  1.591   0.510     0.00000  0.00374      0.00000 
  0.427  1.674   0.510     0.00000  0.00374      0.00000 
  0.427  1.757   0.510     0.00000  0.00374      0.00000 
  0.427  1.840   0.510     0.00000  0.00374      0.00000 
  0.427  1.923   0.510     0.00000  0.00374      0.00000 
  0.427  2.006   0.510     0.00000  0.00374      0.00000 
  0.427  2.089   0.510     0.00000  0.00374      0.00000 
  0.427  2.171   0.510     0.00000  0.00374      0.00000 
  0.427  2.254   0.510     0.00000  0.00374      0.00000 
  0.427  2.337   0.510     0.00000  0.00374      0.00000 
  0.427  2.420   0.510     0.00000  0.00374      0.00000 
  0.427  2.503   0.510     0.00000  0.00374      0.00000 
  0.427  2.586   0.510     0.00000  0.00374      0.00000 
  0.427  2.669   0.510     0.00000  0.00374      0.00000 
  0.427  2.751   0.510     0.00000  0.00374      0.00000 
  0.427  2.834   0.510     0.00000  0.00374      0.00000 
  0.427  2.917   0.510     0.00000  0.00374      0.00000 
  0.427  3.000   0.510     0.00000  0.00374      0.00000 
  0.509  0.100   0.818     0.63597  0.04123      0.08249 
  0.509  0.183   0.799     0.59703  0.05135      0.10286 
  0.509  0.266   0.771     0.54178  0.05155      0.10332 
  0.509  0.349   0.769     0.53611  0.05131      0.10292 
  0.509  0.431   0.666     0.32368  0.03124      0.06248 
  0.509  0.514   0.510     0.00000  0.00374      0.00000 
  0.509  0.597   0.510     0.00000  0.00374      0.00000 
  0.509  0.680   0.510     0.00000  0.00374      0.00000 
  0.509  0.763   0.510     0.00000  0.00374      0.00000 
  0.509  0.846   0.510     0.00000  0.00374      0.00000 
  0.509  0.929   0.510     0.00000  0.00374      0.00000 
  0.509  1.011   0.510     0.00000  0.00374      0.00000 
  0.509  1.094   0.510     0.00000  0.00374      0.00000 
  0.509  1.177   0.510     0.00000  0.00374      0.00000 
  0.509  1.260   0.510     0.00000  0.00374      0.00000 
  0.509  1.343   0.510     0.00000  0.00374      0.00000 
  0.509  1.426   0.510     0.00000  0.00374      0.00000 
  0.509  1.509   0.510     0.00000  0.00374      0.00000 
  0.509  1.591   0.510     0.00000  0.00374      0.00000 
  0.509  1.674   0.510     0.00000  0.00374      0.00000 
  0.509  1.757   0.510     0.00000  0.00374      0.00000 
  0.509  1.840   0.510     0.00000  0.00374      0.00000 
  0.509  1.923   0.510     0.00000  0.00374      0.00000 
  0.509  2.006   0.510     0.00000  0.00374      0.00000 
  0.509  2.089   0.510     0.00000  0.00374      0.00000 
  0.509  2.171   0.510     0.00000  0.00374      0.00000 
  0.509  2.254   0.510     0.00000  0.00374      0.00000 
  0.509  2.337   0.510     0.00000  0.00374      0.00000 
  0.509  2.420   0.510     0.00000  0.00374      0.00000 
  0.509  2.503   0.510     0.00000  0.00374      0.00000 
  0.509  2.586   0.510     0.00000  0.00374      0.00000 
  0.509  2.669   0.510     0.00000  0.00374      0.00000 
  0.509  2.751   0.510     0.00000  0.00374      0.00000 
  0.509  2.834   0.510     0.00000  0.00374      0.00000 
  0.509  2.917   0.510     0.00000  0.00374      0.00000 
  0.509  3.000   0.510     0.00000  0.00374      0.00000 
  0.591  0.100   0.812     0.62490  0.03706      0.07414 
  0.591  0.183   0.784     0.56712  0.04991      0.09998 
  0.591  0.266   0.771     0.54156  0.04962      0.09951 
  0.591  0.349   0.741     0.47824  0.04484      0.09006 
  0.591  0.431   0.510     0.00000  0.00374      0.00000 
  0.591  0.514   0.510     0.00000  0.00374      0.00000 
  0.591  0.597   0.510     0.00000  0.00374      0.00000 
  0.591  0.680   0.510     0.00000  0.00374      0.00000 
  0.591  0.763   0.510     0.00000  0.00374      0.00000 
  0.591  0.846   0.510     0.00000  0.00374      0.00000 
  0.591  0.929   0.510     0.00000  0.00374      0.00000 
  0.591  1.011   0.510     0.00000  0.00374      0.00000 
  0.591  1.094   0.510     0.00000  0.00374      0.00000 
  0.591  1.177   0.510     0.00000  0.00374      0.00000 
  0.591  1.260   0.510     0.00000  0.00374      0.00000 
  0.591  1.343   0.510     0.00000  0.00374      0.00000 
  0.591  1.426   0.510     0.00000  0.00374      0.00000 
  0.591  1.509   0.510     0.00000  0.00374      0.00000 
  0.591  1.591   0.510     0.00000  0.00374      0.00000 
  0.591  1.674   0.510     0.00000  0.00374      0.00000 
  0.591  1.757   0.510     0.00000  0.00374      0.00000 
  0.591  1.840   0.510     0.00000  0.00374      0.00000 
  0.591  1.923   0.510     0.00000  0.00374      0.00000 
  0.591  2.006   0.510     0.00000  0.00374      0.00000 
  0.591  2.089   0.510     0.00000  0.00374      0.00000 
  0.591  2.171   0.510     0.00000  0.00374      0.00000 
  0.591  2.254   0.510     0.00000  0.00374      0.00000 
  0.591  2.337   0.510     0.00000  0.00374      0.00000 
  0.591  2.420   0.510     0.00000  0.00374      0.00000 
  0.591  2.503   0.510     0.00000  0.00374      0.00000 
  0.591  2.586   0.510     0.00000  0.00374      0.00000 
  0.591  2.669   0.510     0.00000  0.00374      0.00000 
  0.591  2.751   0.510     0.00000  0.00374      0.00000 
  0.591  2.834   0.510     0.00000  0.00374      0.00000 
  0.591  2.917   0.510     0.00000  0.00374      0.00000 
  0.591  3.000   0.510     0.00000  0.00374      0.00000 
  0.673  0.100   0.809     0.61855  0.04222      0.08459 
  0.673  0.183   0.781     0.56090  0.04871      0.09759 
  0.673  0.266   0.766     0.53126  0.05069      0.10166 
  0.673  0.349   0.528     0.03785  0.02013      0.04261 
  0.673  0.431   0.510     0.00000  0.00374      0.00000 
  0.673  0.514   0.510     0.00000  0.00374      0.00000 
  0.673  0.597   0.510     0.00000  0.00374      0.00000 
  0.673  0.680   0.510     0.00000  0.00374      0.00000 
  0.673  0.763   0.510     0.00000  0.00374      0.00000 
  0.673  0.846   0.510     0.00000  0.00374      0.00000 
  0.673  0.929   0.510     0.00000  0.00374      0.00000 
  0.673  1.011   0.510     0.00000  0.00374      0.00000 
  0.673  1.094   0.510     0.00000  0.00374      0.00000 
  0.673  1.177   0.510     0.00000  0.00374      0.00000 
  0.673  1.260   0.510     0.00000  0.00374      0.00000 
  0.673  1.343   0.510     0.00000  0.00374      0.00000 
  0.673  1.426   0.510     0.00000  0.00374      0.00000 
  0.673  1.509   0.510     0.00000  0.00374      0.00000 
  0.673  1.591   0.510     0.00000  0.00374      0.00000 
  0.673  1.674   0.510     0.00000  0.00374      0.00000 
  0.673  1.757   0.510     0.00000  0.00374      0.00000 
  0.673  1.840   0.510     0.00000  0.00374      0.00000 
  0.673  1.923   0.510     0.00000  0.00374      0.00000 
  0.673  2.006   0.510     0.00000  0.00374      0.00000 
  0.673  2.089   0.510     0.00000  0.00374      0.00000 
  0.673  2.171   0.510     0.00000  0.00374      0.00000 
  0.673  2.254   0.510     0.00000  0.00374      0.00000 
  0.673  2.337   0.510     0.00000  0.00374      0.00000 
  0.673  2.420   0.510     0.00000  0.00374      0.00000 
  0.673  2.503   0.510     0.00000  0.00374      0.00000 
  0.673  2.586   0.510     0.00000  0.00374      0.00000 
  0.673  2.669   0.510     0.00000  0.00374      0.00000 
  0.673  2.751   0.510     0.00000  0.00374      0.00000 
  0.673  2.834   0.510     0.00000  0.00374      0.00000 
  0.673  2.917   0.510     0.00000  0.00374      0.00000 
  0.673  3.000   0.510     0.00000  0.00374      0.00000 
  0.755  0.100   0.802     0.60469  0.04283      0.08579 
  0.755  0.183   0.771     0.54061  0.05062      0.10150 
  0.755  0.266   0.756     0.51044  0.04909      0.09858 
  0.755  0.349   0.510     0.00000  0.00374      0.00000 
  0.755  0.431   0.510     0.00000  0.00374      0.00000 
  0.755  0.514   0.510     0.00000  0.00374      0.00000 
  0.755  0.597   0.510     0.00000  0.00374      0.00000 
  0.755  0.680   0.510     0.00000  0.00374      0.00000 
  0.755  0.763   0.510     0.00000  0.00374      0.00000 
  0.755  0.846   0.510     0.00000  0.00374      0.00000 
  0.755  0.929   0.510     0.00000  0.00374      0.00000 
  0.755  1.011   0.510     0.00000  0.00374      0.00000 
  0.755  1.094   0.510     0.00000  0.00374      0.00000 
  0.755  1.177   0.510     0.00000  0.00374      0.00000 
  0.755  1.260   0.510     0.00000  0.00374      0.00000 
  0.755  1.343   0.510     0.00000  0.00374      0.00000 
  0.755  1.426   0.510     0.00000  0.00374      0.00000 
  0.755  1.509   0.510     0.00000  0.00374      0.00000 
  0.755  1.591   0.510     0.00000  0.00374      0.00000 
  0.755  1.674   0.510     0.00000  0.00374      0.00000 
  0.755  1.757   0.510     0.00000  0.00374      0.00000 
  0.755  1.840   0.510     0.00000  0.00374      0.00000 
  0.755  1.923   0.510     0.00000  0.00374      0.00000 
  0.755  2.006   0.510     0.00000  0.00374      0.00000 
  0.755  2.089   0.510     0.00000  0.00374      0.00000 
  0.755  2.171   0.510     0.00000  0.00374      0.00000 
  0.755  2.254   0.510     0.00000  0.00374      0.00000 
  0.755  2.337   0.510     0.00000  0.00374      0.00000 
  0.755  2.420   0.510     0.00000  0.00374      0.00000 
  0.755  2.503   0.510     0.00000  0.00374      0.00000 
  0.755  2.586   0.510     0.00000  0.00374      0.00000 
  0.755  2.669   0.510     0.00000  0.00374      0.00000 
  0.755  2.751   0.510     0.00000  0.00374      0.00000 
  0.755  2.834   0.510     0.00000  0.00374      0.00000 
  0.755  2.917   0.510     0.00000  0.00374      0.00000 
  0.755  3.000   0.510     0.00000  0.00374      0.00000 
  0.836  0.100   0.798     0.59587  0.04672      0.09358 
  0.836  0.183   0.769     0.53675  0.05357      0.10739 
  0.836  0.266   0.686     0.36527  0.03075      0.06170 
  0.836  0.349   0.510     0.00000  0.00374      0.00000 
  0.836  0.431   0.510     0.00000  0.00374      0.00000 
  0.836  0.514   0.510     0.00000  0.00374      0.00000 
  0.836  0.597   0.510     0.00000  0.00374      0.00000 
  0.836  0.680   0.510     0.00000  0.00374      0.00000 
  0.836  0.763   0.510     0.00000  0.00374      0.00000 
  0.836  0.846   0.510     0.00000  0.00374      0.00000 
  0.836  0.929   0.510     0.00000  0.00374      0.00000 
  0.836  1.011   0.510     0.00000  0.00374      0.00000 
  0.836  1.094   0.510     0.00000  0.00374      0.00000 
  0.836  1.177   0.510     0.00000  0.00374      0.00000 
  0.836  1.260   0.510     0.00000  0.00374      0.00000 
  0.836  1.343   0.510     0.00000  0.00374      0.00000 
  0.836  1.426   0.510     0.00000  0.00374      0.00000 
  0.836  1.509   0.510     0.00000  0.00374      0.00000 
  0.836  1.591   0.510     0.00000  0.00374      0.00000 
  0.836  1.674   0.510     0.00000  0.00374      0.00000 
  0.836  1.757   0.510     0.00000  0.00374      0.00000 
  0.836  1.840   0.510     0.00000  0.00374      0.00000 
  0.836  1.923   0.510     0.00000  0.00374      0.00000 
  0.836  2.006   0.510     0.00000  0.00374      0.00000 
  0.836  2.089   0.510     0.00000  0.00374      0.00000 
  0.836  2.171   0.510     0.00000  0.00374      0.00000 
  0.836  2.254   0.510     0.00000  0.00374      0.00000 
  0.836  2.337   0.510     0.00000  0.00374      0.00000 
  0.836  2.420   0.510     0.00000  0.00374      0.00000 
  0.836  2.503   0.510     0.00000  0.00374      0.00000 
  0.836  2.586   0.510     0.00000  0.00374      0.00000 
  0.836  2.669   0.510     0.00000  0.00374      0.00000 
  0.836  2.751   0.510     0.00000  0.00374      0.00000 
  0.836  2.834   0.510     0.00000  0.00374      0.00000 
  0.836  2.917   0.510     0.00000  0.00374      0.00000 
  0.836  3.000   0.510     0.00000  0.00374      0.00000 
  0.918  0.100   0.790     0.57968  0.04929      0.09871 
  0.918  0.183   0.767     0.53293  0.05039      0.10101 
  0.918  0.266   0.511     0.00259  0.00602      0.01160 
  0.918  0.349   0.510     0.00000  0.00374      0.00000 
  0.918  0.431   0.510     0.00000  0.00374      0.00000 
  0.918  0.514   0.510     0.00000  0.00374      0.00000 
  0.918  0.597   0.510     0.00000  0.00374      0.00000 
  0.918  0.680   0.510     0.00000  0.00374      0.00000 
  0.918  0.763   0.510     0.00000  0.00374      0.00000 
  0.918  0.846   0.510     0.00000  0.00374      0.00000 
  0.918  0.929   0.510     0.00000  0.00374      0.00000 
  0.918  1.011   0.510     0.00000  0.00374      0.00000 
  0.918  1.094   0.510     0.00000  0.00374      0.00000 
  0.918  1.177   0.510     0.00000  0.00374      0.00000 
  0.918  1.260   0.510     0.00000  0.00374      0.00000 
  0.918  1.343   0.510     0.00000  0.00374      0.00000 
  0.918  1.426   0.510     0.00000  0.00374      0.00000 
  0.918  1.509   0.510     0.00000  0.00374      0.00000 
  0.918  1.591   0.510     0.00000  0.00374      0.00000 
  0.918  1.674   0.510     0.00000  0.00374      0.00000 
  0.918  1.757   0.510     0.00000  0.00374      0.00000 
  0.918  1.840   0.510     0.00000  0.00374      0.00000 
  0.918  1.923   0.510     0.00000  0.00374      0.00000 
  0.918  2.006   0.510     0.00000  0.00374      0.00000 
  0.918  2.089   0.510     0.00000  0.00374      0.00000 
  0.918  2.171   0.510     0.00000  0.00374      0.00000 
  0.918  2.254   0.510     0.00000  0.00374      0.00000 
  0.918  2.337   0.510     0.00000  0.00374      0.00000 
  0.918  2.420   0.510     0.00000  0.00374      0.00000 
  0.918  2.503   0.510     0.00000  0.00374      0.00000 
  0.918  2.586   0.510     0.00000  0.00374      0.00000 
  0.918  2.669   0.510     0.00000  0.00374      0.00000 
  0.918  2.751   0.510     0.00000  0.00374      0.00000 
  0.918  2.834   0.510     0.00000  0.00374      0.00000 
  0.918  2.917   0.510     0.00000  0.00374      0.00000 
  0.918  3.000   0.510     0.00000  0.00374      0.00000 
  1.000  0.100   0.784     0.56848  0.04881      0.09776 
  1.000  0.183   0.767     0.53262  0.04847      0.09722 
  1.000  0.266   0.510     0.00000  0.00374      0.00000 
  1.000  0.349   0.510     0.00000  0.00374      0.00000 
  1.000  0.431   0.510     0.00000  0.00374      0.00000 
  1.000  0.514   0.510     0.00000  0.00374      0.00000 
  1.000  0.597   0.510     0.00000  0.00374      0.00000 
  1.000  0.680   0.510     0.00000  0.00374      0.00000 
  1.000  0.763   0.510     0.00000  0.00374      0.00000 
  1.000  0.846   0.510     0.00000  0.00374      0.00000 
  1.000  0.929   0.510     0.00000  0.00374      0.00000 
  1.000  1.011   0.510     0.00000  0.00374      0.00000 
  1.000  1.094   0.510     0.00000  0.00374      0.00000 
  1.000  1.177   0.510     0.00000  0.00374      0.00000 
  1.000  1.260   0.510     0.00000  0.00374      0.00000 
  1.000  1.343   0.510     0.00000  0.00374      0.00000 
  1.000  1.426   0.510     0.00000  0.00374      0.00000 
  1.000  1.509   0.510     0.00000  0.00374      0.00000 
  1.000  1.591   0.510     0.00000  0.00374      0.00000 
  1.000  1.674   0.510     0.00000  0.00374      0.00000 
  1.000  1.757   0.510     0.00000  0.00374      0.00000 
  1.000  1.840   0.510     0.00000  0.00374      0.00000 
  1.000  1.923   0.510     0.00000  0.00374      0.00000 
  1.000  2.006   0.510     0.00000  0.00374      0.00000 
  1.000  2.089   0.510     0.00000  0.00374      0.00000 
  1.000  2.171   0.510     0.00000  0.00374      0.00000 
  1.000  2.254   0.510     0.00000  0.00374      0.00000 
  1.000  2.337   0.510     0.00000  0.00374      0.00000 
  1.000  2.420   0.510     0.00000  0.00374      0.00000 
  1.000  2.503   0.510     0.00000  0.00374      0.00000 
  1.000  2.586   0.510     0.00000  0.00374      0.00000 
  1.000  2.669   0.510     0.00000  0.00374      0.00000 
  1.000  2.751   0.510     0.00000  0.00374      0.00000 
  1.000  2.834   0.510     0.00000  0.00374      0.00000 
  1.000  2.917   0.510     0.00000  0.00374      0.00000 
  1.000  3.000   0.510     0.00000  0.00374      0.00000 

Kappa was used to select the optimal model using  the largest value.
The final values used for the model were alpha = 0.1 and lambda = 0.1. 
[1] "==============="
Confusion Matrix and Statistics

          Reference
Prediction  0  1
         0 82 19
         1 16 83
                                         
               Accuracy : 0.825          
                 95% CI : (0.7651, 0.875)
    No Information Rate : 0.51           
    P-Value [Acc > NIR] : <2e-16         
                                         
                  Kappa : 0.6501         
 Mcnemar's Test P-Value : 0.7353         
                                         
            Sensitivity : 0.8367         
            Specificity : 0.8137         
         Pos Pred Value : 0.8119         
         Neg Pred Value : 0.8384         
             Prevalence : 0.4900         
         Detection Rate : 0.4100         
   Detection Prevalence : 0.5050         
      Balanced Accuracy : 0.8252         
                                         
       'Positive' Class : 0              
                                         
