Time difference of 13.65144 secs
[1] "==============="
Learning Vector Quantization 

800 samples
 40 predictor
  2 classes: '0', '1' 

No pre-processing
Resampling: Cross-Validated (10 fold, repeated 2 times) 

Summary of sample sizes: 720, 720, 720, 720, 720, 720, ... 

Resampling results across tuning parameters:

  size  k   Accuracy  Kappa  Accuracy SD  Kappa SD
  17     1  0.801     0.601  0.0459       0.0918  
  17     6  0.813     0.626  0.0374       0.0745  
  17    11  0.808     0.616  0.0358       0.0719  
  17    16  0.800     0.600  0.0467       0.0933  
  18     1  0.799     0.598  0.0333       0.0668  
  18     6  0.804     0.609  0.0317       0.0637  
  18    11  0.804     0.608  0.0443       0.0887  
  18    16  0.811     0.622  0.0473       0.0947  
  20     1  0.805     0.610  0.0314       0.0627  
  20     6  0.801     0.602  0.0446       0.0889  
  20    11  0.811     0.621  0.0372       0.0742  
  20    16  0.794     0.587  0.0428       0.0857  
  21     1  0.812     0.625  0.0457       0.0917  
  21     6  0.814     0.628  0.0368       0.0735  
  21    11  0.803     0.606  0.0378       0.0755  
  21    16  0.819     0.639  0.0464       0.0928  
  21    21  0.793     0.586  0.0396       0.0793  
  23     1  0.815     0.630  0.0379       0.0760  
  23     6  0.817     0.633  0.0381       0.0762  
  23    11  0.806     0.612  0.0459       0.0920  
  23    16  0.802     0.605  0.0340       0.0683  
  23    21  0.808     0.616  0.0294       0.0590  
  24     1  0.817     0.634  0.0408       0.0816  
  24     6  0.818     0.635  0.0391       0.0785  
  24    11  0.814     0.628  0.0438       0.0882  
  24    16  0.808     0.615  0.0498       0.0997  
  24    21  0.805     0.610  0.0331       0.0664  
  26     1  0.809     0.619  0.0427       0.0853  
  26     6  0.794     0.587  0.0420       0.0842  
  26    11  0.798     0.596  0.0421       0.0840  
  26    16  0.825     0.650  0.0410       0.0821  
  26    21  0.803     0.606  0.0462       0.0924  
  26    26  0.823     0.645  0.0339       0.0681  
  27     1  0.831     0.662  0.0384       0.0768  
  27     6  0.819     0.637  0.0361       0.0723  
  27    11  0.831     0.661  0.0399       0.0799  
  27    16  0.809     0.618  0.0327       0.0653  
  27    21  0.803     0.605  0.0444       0.0887  
  27    26  0.802     0.603  0.0470       0.0942  
  29     1  0.829     0.657  0.0367       0.0736  
  29     6  0.803     0.606  0.0426       0.0849  
  29    11  0.818     0.635  0.0427       0.0856  
  29    16  0.818     0.635  0.0399       0.0797  
  29    21  0.813     0.626  0.0430       0.0865  
  29    26  0.822     0.643  0.0297       0.0596  
  30     1  0.806     0.612  0.0460       0.0923  
  30     6  0.817     0.634  0.0325       0.0651  
  30    11  0.814     0.627  0.0354       0.0712  
  30    16  0.817     0.634  0.0439       0.0879  
  30    21  0.814     0.628  0.0373       0.0747  
  30    26  0.823     0.646  0.0391       0.0783  
  32     1  0.829     0.657  0.0504       0.1010  
  32     6  0.812     0.623  0.0452       0.0907  
  32    11  0.818     0.636  0.0358       0.0717  
  32    16  0.818     0.635  0.0466       0.0934  
  32    21  0.818     0.636  0.0369       0.0738  
  32    26  0.828     0.656  0.0403       0.0806  
  32    31  0.816     0.631  0.0313       0.0627  
  34     1  0.807     0.613  0.0384       0.0770  
  34     6  0.809     0.618  0.0383       0.0768  
  34    11  0.822     0.643  0.0366       0.0734  
  34    16  0.824     0.648  0.0428       0.0858  
  34    21  0.821     0.641  0.0423       0.0847  
  34    26  0.798     0.595  0.0468       0.0936  
  34    31  0.799     0.597  0.0425       0.0852  

Kappa was used to select the optimal model using  the largest value.
The final values used for the model were size = 27 and k = 1. 
[1] "==============="
Confusion Matrix and Statistics

          Reference
Prediction  0  1
         0 81 18
         1 17 84
                                         
               Accuracy : 0.825          
                 95% CI : (0.7651, 0.875)
    No Information Rate : 0.51           
    P-Value [Acc > NIR] : <2e-16         
                                         
                  Kappa : 0.6499         
 Mcnemar's Test P-Value : 1              
                                         
            Sensitivity : 0.8265         
            Specificity : 0.8235         
         Pos Pred Value : 0.8182         
         Neg Pred Value : 0.8317         
             Prevalence : 0.4900         
         Detection Rate : 0.4050         
   Detection Prevalence : 0.4950         
      Balanced Accuracy : 0.8250         
                                         
       'Positive' Class : 0              
                                         
